1007757
278
238
687163
240
424
389
129
155
1330021
19404
497
1022256
122
496243
1181678
680
372058
157336
429
1371023
1510339
976912
83533
44980
1327819
1367220
1241752
454639
405818
249397
11012
931285
1273221
350
460465
28322
1472951
1320660
1311031
1390300
936075
104594
1103473
1318447
1297842
235271
1291608
1239134
1084242
1571594
39254
1699574
744275
1292415
980431
1157008
1252051
1515729
462183
1368166
1290821
441168
1275779
848116
1426822
1242898
1368881
1316427
840464
1522126
1431071
1325734
424711
1002398
1375646
1663082
64641
755898
1084244
78192
1632181
1010581
1301421
1246049
1198994
1669051
48650
1314481
1630423
299536
24428
1266127
337167
19995
1639398
1628448
847742
1628367
1579
980477
1196067
1265609
1242265
1280738
1613798
1110034
1171145
1662414
533535
1497843
911430
1292695
62029
634649
1247165
1159559
204407
1631017
4247
120
879945
1226293
1281425
1599189
1383731
1135873
803796
1368337
969681
597
27
259872
1038392
269955
1156594
1473332
1414413
1308553
671
1233413
1470130
1234821
77
1168190
405746
578883
1075175
137051
1038918
27205
1207162
1641319
13078
1266990
425274
979
1272837
216015
862
1184918
299534
773543
361743
226674
1306368
1061474
1081003
1197306
808
14836
7451
22
550
1084577
575265
796
872585
829557
10138
502356
569094
1022789
829560
264980
1533735
537915
672
1156593
1368314
13
11
315635
1598785
1522496
121
8587
933260
557
1242332
920728
1539104
1232221
1234731
1235192
1241982
1316092
43947
1218925
1673393
950387
414906
960505
458293
1404791
438631
448772
1380316
570595
950396
1336770
1084187
285213
396535
1497348
1340206
939243
1078605
324857
680493
673
875828
1635279
13192
233651
4258
27098
10681
1167307
687259
603692
519182
652
807
269149
798645
1011985
76600
4935
58
1115544
674
4588
1087192
541671
106646
329505
564
991494
769
354912
1726
258216
1387382
863
335984
693134
1228246
290098
1352874
429617
967998
1236153
662707
1252309
385687
4248
1101383
1220522
585
348
617126
1287454
138843
585032
244786
1601797
72190
346698
1297446
1159831
115724
13576
2062
1367642
150540
122917
12444
545611
77338
1197137
12445
30709
105
1440050
4232
10867
1446616
107257
63964
574475
99861
63319
581528
1214931
801335
72105
210577
1669057
18785
263472
1317672
1054867
98
855435
177572
301528
12779
912649
156022
68721
62177
1495
1549519
8966
101
552524
218
198663
1408208
1643729
2251
1088434
426889
1241634
1010755
559
38365
9823
9502
1119449
963261
1062722
1662317
315162
10193
1380126
1389727
1557848
49051
1294203
285
1213898
1652947
1865
49026
37165
12153
12
675
1930
293660
986056
402431
767
1542261
1268127
1321179
214756
181808
524047
1542995
866398
1381027
694
949
530442
637649
19173
1511417
664413
1584215
458376
1402
539
823464
484503
898704
1287571
64084
207
822119
1223601
145341
292431
1145899
857
1193501
1137129
475557
843527
4256
1357633
1083637
1125257
11036
14160
280
4257
425
20453
38757
284053
1688163
561
567609
519465
271110
1173559
30112
109445
168259
453395
16869
447365
572802
68726
1692948
696393
1891
11013
1072790
1317288
2105
402
1461254
73861
539972
406997
106
1290417
9769
791373
812583
855
18240
533533
49521
823219
20352
1306293
1339876
209112
102382
1196470
1064213
1175942
10591
329865
1600771
272
539745
245891
10674
324552
1102883
337404
286217
1315772
283995
11324
1510745
1209511
1236814
4348
324786
44896
76341
228150
414419
348893
11649
741929
207947
111
411
985939
1421155
868668
1643
10020
953
1231914
1318413
762509
311
12155
1248226
18334
14324
1665724
809
338803
1495694
3933
1448560
6977
1202285
786892
1654429
858024
68718
1370123
645710
630940
1100988
62
1278
270473
1514125
588228
330457
7131
489
1627824
8355
940551
427641
587412
345
38
1317149
1257009
633604
11986
670
781732
9806
127585
530385
1359
259693
1522079
105825
467905
9487
375846
1031774
573435
1480387
61979
578
920
508947
128
5879
370663
640
370172
49013
50619
1042834
270946
10195
142
1029575
300496
185664
744
1487604
47971
255709
1119878
637
346
28
383498
1315303
976573
1893
420817
698508
628847
4951
1107166
546554
313369
508442
36557
118
411088
1734
333339
284054
378064
604079
957119
293167
466272
85
2109
50620
205596
1724
43949
945961
615453
14161
941109
701387
79871
18
374720
1659826
812
615173
935505
11836
510657
1142921
419430
210203
242582
447273
384018
497698
1368
9312
109418
244998
1250
9820
1213906
746036
359410
1659087
1108211
1305781
114168
493529
6479
713704
1469164
1895
1658214
57158
664767
297762
57800
718930
1007734
950
436969
1417
284052
41630
91314
166426
493922
1022453
744276
1625582
507086
286687
1198984
9552
613504
296096
87101
439079
1022787
640146
1560230
616037
810693
346364
579974
1173558
1469458
58008
766507
1058424
607
1124
696506
181812
9470
53851
76492
1087040
646315
1650558
335983
10144
859
24
140300
653346
575264
135397
667538
748783
321612
298618
13009
1403735
454626
150689
615777
1008042
8392
49018
510
126889
474350
37169
1087891
7485
387848
10625
2501
1034541
242
140607
263115
1144107
1035048
568124
18239
232672
93685
928358
604
78
926393
8689
505642
278986
420818
423
102651
1422
331482
870028
1242419
558449
1491248
1084199
281957
198184
137113
679
222517
1341137
184315
615656
436270
458156
49797
1254594
447332
1671548
598
1163974
1278162
883714
10527
934433
10494
161
174341
1227877
345940
122906
73
566525
1032823
1669050
530915
651045
1049471
11770
9655
438695
297802
2832
46195
593643
10198
615457
1621
20017
170
75656
1097549
9837
410119
373571
601
85877
351286
770
1035259
1173357
630
11970
1123640
330459
1366
9453
2057
1064028
197
299537
17073
1091
597221
49444
882569
146233
639988
1684226
335
44981
80785
246655
153104
799583
704347
698687
1561144
1177445
260514
530254
1531018
619979
176
278154
10191
207703
103
1429520
1511057
1308821
378236
936245
948
531428
259316
562
812037
82702
854
1363123
1271
194
70981
225886
69403
508943
31055
360814
62211
273477
614479
254
11224
131631
240832
568949
115290
1357459
512200
9072
441900
1151031
22832
1531023
32657
11216
273481
818647
635302
459151
18491
1791
1501204
76493
294254
676
697843
37799
335787
9792
9902
592695
76
438148
84308
152601
299054
1601243
331586
492101
341174
1424965
287649
86331
4561
772
74997
1948
550988
1497970
26466
14
377
343611
206647
8681
268
1242011
1892
508
310
50014
1317448
1071585
1442975
50727
1284120
14537
1688652
646385
76338
602
620249
408
845781
335797
399402
974576
19994
2048
399579
16859
166428
141052
1252037
7220
1505183
1455079
359724
1588846
1420733
57214
260346
38575
9757
5175
365045
1241693
532794
93456
53064
116745
810
851644
104894
11688
770156
756999
